# Generative Mesh Library export
# generator: Human Face
v 0.135000 0.715400 0.378000
v 0.132300 0.331300 0.330000
v 0.000000 0.422200 0.440300
v 0.359000 0.583800 0.232300
v 0.000000 0.740300 0.428300
v 0.000000 1.163200 0.066600
v 0.186200 0.775400 0.353800
v 0.000000 0.572500 0.449700
v 0.263700 0.468500 0.345200
v 0.300000 0.710000 0.305000
v 0.000000 0.267500 0.400600
v 0.095400 0.586900 0.420500
v 0.000000 0.019000 0.232300
v 0.000000 0.494600 0.448200
v 0.000000 1.128839 0.111524
v 0.000000 1.095776 0.157420
v 0.000000 1.061712 0.202570
v 0.000000 1.024517 0.245156
v 0.000000 0.982725 0.283211
v 0.000000 0.936719 0.316082
v 0.000000 0.888337 0.345374
v 0.000000 0.838894 0.372847
v 0.000000 0.789272 0.399999
v 0.000000 0.725934 0.442062
v 0.000000 0.712515 0.456765
v 0.000000 0.698597 0.470988
v 0.000000 0.682621 0.482770
v 0.000000 0.663598 0.487870
v 0.000000 0.644100 0.484350
v 0.000000 0.625749 0.476677
v 0.000000 0.608102 0.467467
v 0.000000 0.590547 0.458082
v 0.000000 0.564908 0.460193
v 0.000000 0.557936 0.471114
v 0.000000 0.550887 0.481985
v 0.000000 0.542974 0.492230
v 0.000000 0.532209 0.498857
v 0.000000 0.521474 0.492438
v 0.000000 0.514104 0.481800
v 0.000000 0.507755 0.470506
v 0.000000 0.501509 0.459154
v 0.000000 0.404002 0.445927
v 0.000000 0.386120 0.452505
v 0.000000 0.368212 0.459009
v 0.000000 0.349933 0.464355
v 0.000000 0.331058 0.466499
v 0.000000 0.313051 0.461063
v 0.000000 0.299233 0.448079
v 0.000000 0.288488 0.432358
v 0.000000 0.278566 0.416091
v 0.000000 0.237057 0.391830
v 0.000000 0.206311 0.384173
v 0.000000 0.175602 0.376369
v 0.000000 0.145308 0.367106
v 0.000000 0.116226 0.354606
v 0.000000 0.090297 0.336547
v 0.000000 0.069291 0.312900
v 0.000000 0.052105 0.286296
v 0.000000 0.036237 0.258870
v 0.031914 0.752500 0.415318
v 0.063303 0.766226 0.402564
v 0.094712 0.779901 0.389803
v 0.126688 0.791898 0.376793
v 0.159728 0.799609 0.363311
v 0.193270 0.797371 0.349535
v 0.223596 0.781696 0.336961
v 0.249641 0.758523 0.326077
v 0.274061 0.733318 0.315842
v 0.015720 0.740626 0.429696
v 0.031339 0.741330 0.431937
v 0.047060 0.741655 0.433330
v 0.062728 0.740766 0.431991
v 0.077247 0.738082 0.426567
v 0.089988 0.734104 0.418159
v 0.101558 0.729557 0.408422
v 0.112584 0.724789 0.398167
v 0.123567 0.720005 0.387873
v 0.152192 0.723576 0.372640
v 0.169030 0.732704 0.367677
v 0.186045 0.741375 0.362521
v 0.203698 0.747936 0.356545
v 0.221854 0.749871 0.349162
v 0.239125 0.745717 0.340599
v 0.254952 0.737882 0.331716
v 0.269908 0.728483 0.322810
v 0.284695 0.718810 0.313907
v 0.149048 0.702158 0.368889
v 0.162128 0.687827 0.359953
v 0.175756 0.674096 0.350915
v 0.191563 0.663293 0.341591
v 0.210475 0.660296 0.332686
v 0.229646 0.666306 0.325707
v 0.247652 0.676331 0.320145
v 0.264990 0.687785 0.315197
v 0.282251 0.699385 0.310317
v 0.307752 0.698431 0.297499
v 0.315744 0.687037 0.289983
v 0.323530 0.675493 0.282480
v 0.330677 0.663514 0.275027
v 0.336823 0.650930 0.267684
v 0.341958 0.637817 0.260486
v 0.346438 0.624405 0.253398
v 0.350590 0.610856 0.246372
v 0.354689 0.597284 0.239356
v 0.148542 0.690438 0.380694
v 0.162099 0.665583 0.384206
v 0.175647 0.640655 0.387178
v 0.189125 0.615544 0.388250
v 0.202351 0.590378 0.386125
v 0.215103 0.565513 0.380452
v 0.227430 0.541062 0.372463
v 0.239504 0.516892 0.363301
v 0.251526 0.492783 0.353914
v 0.354692 0.572270 0.247786
v 0.351134 0.560913 0.263592
v 0.347310 0.549492 0.279287
v 0.342124 0.537786 0.294357
v 0.334268 0.525720 0.307873
v 0.322801 0.513658 0.318482
v 0.308862 0.502056 0.326347
v 0.293815 0.490864 0.332647
v 0.278520 0.479790 0.338555
v 0.327333 0.645210 0.218806
v 0.296264 0.707016 0.205735
v 0.264973 0.768677 0.192508
v 0.232612 0.829610 0.178520
v 0.198307 0.889122 0.163138
v 0.161304 0.946435 0.145796
v 0.122022 1.001668 0.126776
v 0.081405 1.055572 0.106760
v 0.040412 1.109086 0.086462
v 0.327327 0.524672 0.236363
v 0.296256 0.465262 0.240962
v 0.264956 0.405959 0.245358
v 0.232559 0.347184 0.248769
v 0.198191 0.289468 0.250361
v 0.161131 0.233431 0.249371
v 0.121848 0.179009 0.246146
v 0.081281 0.125630 0.241583
v 0.040358 0.072556 0.236642
v 0.027912 0.491224 0.442222
v 0.055939 0.487756 0.436855
v 0.083908 0.484335 0.431173
v 0.111615 0.481108 0.424248
v 0.138719 0.478240 0.415150
v 0.164812 0.475857 0.403351
v 0.189964 0.473858 0.389586
v 0.214537 0.472074 0.374779
v 0.238966 0.470342 0.359728
v 0.240092 0.459735 0.359645
v 0.217043 0.450458 0.374671
v 0.193551 0.441585 0.389238
v 0.168737 0.434052 0.402264
v 0.142175 0.428763 0.412647
v 0.114299 0.425841 0.420168
v 0.085858 0.424433 0.425821
v 0.057219 0.423765 0.430552
v 0.028551 0.423219 0.435131
v 0.032949 0.794277 0.389491
v 0.065484 0.800716 0.379233
v 0.097998 0.807070 0.368939
v 0.130891 0.811781 0.358322
v 0.164511 0.812427 0.347112
v 0.198315 0.803898 0.335442
v 0.229030 0.783134 0.324714
v 0.255785 0.755550 0.315432
v 0.281055 0.726122 0.306717
v 0.034008 0.836658 0.364698
v 0.067713 0.835762 0.356818
v 0.101357 0.834748 0.348876
v 0.135189 0.832125 0.340536
v 0.169416 0.825657 0.331481
v 0.203505 0.810791 0.321801
v 0.234633 0.784890 0.312803
v 0.262121 0.752846 0.305004
v 0.288266 0.719147 0.297694
v 0.035046 0.878862 0.339616
v 0.069900 0.870634 0.334148
v 0.104654 0.862254 0.328590
v 0.139405 0.852301 0.322560
v 0.174217 0.838723 0.315695
v 0.208571 0.817521 0.308038
v 0.240090 0.786487 0.300803
v 0.268292 0.749987 0.294523
v 0.295290 0.712020 0.288650
v 0.036021 0.920067 0.312903
v 0.071959 0.904571 0.310034
v 0.107759 0.888888 0.307048
v 0.143366 0.871666 0.303515
v 0.178698 0.851041 0.299026
v 0.213253 0.823567 0.293578
v 0.245101 0.787462 0.288293
v 0.273952 0.746567 0.283718
v 0.301739 0.704395 0.279470
v 0.036895 0.959073 0.282978
v 0.073819 0.936485 0.283078
v 0.110564 0.913676 0.283032
v 0.146926 0.889363 0.282365
v 0.182679 0.861868 0.280622
v 0.217335 0.828299 0.277752
v 0.249411 0.787300 0.274786
v 0.278811 0.742188 0.272285
v 0.307288 0.695988 0.270030
v 0.037668 0.994235 0.248404
v 0.075476 0.964923 0.252004
v 0.113065 0.935356 0.255432
v 0.150081 0.904321 0.258163
v 0.186154 0.870324 0.259698
v 0.220810 0.831028 0.259939
v 0.253013 0.785503 0.259826
v 0.282861 0.736544 0.259931
v 0.311926 0.686684 0.260203
v 0.038376 1.025228 0.209762
v 0.077002 0.989622 0.217327
v 0.115371 0.953729 0.224693
v 0.152975 0.916401 0.231287
v 0.189303 0.876332 0.236564
v 0.223893 0.831738 0.240381
v 0.256157 0.782119 0.243584
v 0.286388 0.729741 0.246760
v 0.315976 0.676651 0.250022
v 0.039051 1.053391 0.168818
v 0.078463 1.011791 0.180611
v 0.117577 0.969869 0.192177
v 0.155737 0.926548 0.202896
v 0.192287 0.880706 0.212178
v 0.226778 0.831114 0.219834
v 0.259071 0.777698 0.226615
v 0.289651 0.722201 0.233125
v 0.319730 0.666181 0.239640
v 0.039721 1.080649 0.127205
v 0.079913 1.033153 0.143301
v 0.119768 0.985301 0.159142
v 0.158478 0.936084 0.174063
v 0.195244 0.884567 0.187425
v 0.229631 0.830076 0.198994
v 0.261947 0.772962 0.209430
v 0.292872 0.714443 0.219349
v 0.323436 0.655591 0.229192
v 0.019080 0.648259 0.474396
v 0.038160 0.632919 0.460922
v 0.057240 0.617579 0.447448
v 0.076320 0.602240 0.433974
v 0.080877 0.707846 0.425354
v 0.084508 0.677609 0.424140
v 0.088139 0.647373 0.422927
v 0.091769 0.617136 0.421713
v 0.180960 0.589682 0.393000
v 0.159570 0.588987 0.399875
v 0.138180 0.588291 0.406750
v 0.116790 0.587596 0.413625
v 0.130055 0.499972 0.416220
v 0.121392 0.521704 0.417290
v 0.112728 0.543436 0.418360
v 0.104064 0.565168 0.419430
v 0.019080 0.543147 0.483185
v 0.038160 0.554085 0.467514
v 0.057240 0.565024 0.451843
v 0.076320 0.575962 0.436171
v 0.003816 0.581440 0.463632
v 0.007632 0.572829 0.469524
v 0.011448 0.564157 0.475377
v 0.015264 0.554793 0.480729
v 0.007632 0.597579 0.467873
v 0.015264 0.587427 0.468536
v 0.022896 0.577229 0.469170
v 0.030528 0.566513 0.469428
v 0.011448 0.613790 0.471975
v 0.022896 0.602079 0.467444
v 0.034344 0.590338 0.462893
v 0.045792 0.578251 0.458092
v 0.015264 0.630565 0.474847
v 0.030528 0.617155 0.465429
v 0.045792 0.603729 0.456001
v 0.061056 0.590131 0.446448
v 0.016392 0.722932 0.440114
v 0.017064 0.705996 0.451286
v 0.017736 0.688660 0.462073
v 0.018408 0.669678 0.470907
v 0.032704 0.720233 0.438843
v 0.034068 0.699704 0.446314
v 0.035432 0.678875 0.453496
v 0.036796 0.656810 0.459214
v 0.049096 0.717230 0.436893
v 0.051132 0.693183 0.440832
v 0.053168 0.668937 0.444579
v 0.055204 0.643867 0.447350
v 0.065447 0.713256 0.432757
v 0.068165 0.685935 0.433711
v 0.070883 0.658514 0.434570
v 0.073602 0.630681 0.434940
v 0.135103 0.693975 0.389754
v 0.122024 0.697654 0.399150
v 0.108911 0.701321 0.408515
v 0.095363 0.704811 0.417466
v 0.146651 0.668029 0.392288
v 0.131474 0.670583 0.400623
v 0.116271 0.673127 0.408936
v 0.100741 0.675539 0.416937
v 0.158193 0.642026 0.394392
v 0.140918 0.643468 0.401774
v 0.123626 0.644905 0.409140
v 0.106117 0.646253 0.416299
v 0.169678 0.615876 0.394975
v 0.150320 0.616244 0.401784
v 0.130954 0.616609 0.408585
v 0.111479 0.616930 0.415282
v 0.227442 0.494136 0.366806
v 0.216039 0.517791 0.374422
v 0.204595 0.541494 0.381858
v 0.192948 0.565423 0.388355
v 0.203601 0.495401 0.380116
v 0.192757 0.518624 0.385856
v 0.181881 0.541883 0.391462
v 0.170853 0.565310 0.396363
v 0.179645 0.496708 0.393231
v 0.169388 0.519488 0.397144
v 0.159110 0.542292 0.400968
v 0.148730 0.565209 0.404322
v 0.155227 0.498186 0.405512
v 0.145672 0.520481 0.407807
v 0.136107 0.542787 0.410057
v 0.126491 0.565150 0.412073
v 0.026146 0.501119 0.451073
v 0.052383 0.500654 0.443480
v 0.078574 0.500228 0.435636
v 0.104556 0.499956 0.426797
v 0.024379 0.510483 0.460242
v 0.048827 0.513155 0.450344
v 0.073241 0.515855 0.440258
v 0.097497 0.518672 0.429426
v 0.022613 0.519929 0.469365
v 0.045271 0.525717 0.457174
v 0.067907 0.531524 0.444857
v 0.090438 0.537408 0.432043
v 0.020846 0.530192 0.477963
v 0.041716 0.538891 0.463610
v 0.062574 0.547600 0.449194
v 0.083379 0.556348 0.434529
v 0.026460 0.331106 0.439199
v 0.052920 0.331155 0.411899
v 0.079380 0.331203 0.384600
v 0.105840 0.331252 0.357300
v 0.140200 0.409270 0.396117
v 0.138225 0.389778 0.379588
v 0.136250 0.370285 0.363059
v 0.134275 0.350793 0.346529
v 0.293875 0.486836 0.312298
v 0.253481 0.447952 0.316724
v 0.213087 0.409068 0.321149
v 0.172694 0.370184 0.325575
v 0.185012 0.297835 0.266289
v 0.171834 0.306201 0.282217
v 0.158656 0.314567 0.298144
v 0.145478 0.322934 0.314072
v 0.026460 0.159241 0.349685
v 0.052920 0.202255 0.344764
v 0.079380 0.245270 0.339842
v 0.105840 0.288285 0.334921
v 0.005292 0.254550 0.403153
v 0.010584 0.230292 0.391106
v 0.015876 0.206064 0.378939
v 0.021168 0.182168 0.365607
v 0.010584 0.271129 0.415096
v 0.021168 0.253587 0.398503
v 0.031752 0.236069 0.381820
v 0.042336 0.218799 0.364263
v 0.015876 0.288365 0.426603
v 0.031752 0.277376 0.405573
v 0.047628 0.266402 0.384483
v 0.063504 0.255594 0.362810
v 0.021168 0.308060 0.435920
v 0.042336 0.303009 0.411001
v 0.063504 0.297965 0.386051
v 0.084672 0.293004 0.360810
v 0.028133 0.404821 0.436254
v 0.027715 0.386675 0.438138
v 0.027297 0.368509 0.439963
v 0.026878 0.350046 0.440862
v 0.056359 0.405261 0.427054
v 0.055499 0.386947 0.424126
v 0.054640 0.368617 0.421154
v 0.053780 0.350065 0.417488
v 0.084563 0.405799 0.417732
v 0.083267 0.387292 0.410023
v 0.081971 0.368774 0.402284
v 0.080676 0.350108 0.394082
v 0.112607 0.406929 0.407671
v 0.110915 0.388080 0.395366
v 0.109224 0.369227 0.383045
v 0.107532 0.350299 0.370493
v 0.251413 0.465032 0.350831
v 0.224755 0.449865 0.363573
v 0.197741 0.435020 0.375949
v 0.169670 0.421248 0.387090
v 0.263115 0.470156 0.342608
v 0.232751 0.449141 0.352918
v 0.202121 0.428369 0.362954
v 0.170697 0.408400 0.372064
v 0.274618 0.475374 0.334071
v 0.240599 0.448488 0.342028
v 0.206401 0.421764 0.349802
v 0.171675 0.395576 0.356959
v 0.285235 0.480921 0.324282
v 0.247781 0.448082 0.330199
v 0.210239 0.415324 0.336024
v 0.172432 0.382834 0.341541
v 0.321147 0.517174 0.251847
v 0.315568 0.509813 0.267587
v 0.309775 0.502402 0.283239
v 0.302892 0.494763 0.298390
v 0.288084 0.461852 0.256337
v 0.280362 0.458545 0.271904
v 0.272481 0.455200 0.287405
v 0.263782 0.451684 0.302531
v 0.254837 0.406615 0.260665
v 0.245019 0.407340 0.276099
v 0.235094 0.408040 0.291490
v 0.224625 0.408626 0.306630
v 0.220714 0.351801 0.264204
v 0.209018 0.356453 0.279704
v 0.197270 0.361092 0.295181
v 0.185249 0.365674 0.310533
v 0.037578 0.088126 0.260938
v 0.075609 0.139631 0.263484
v 0.113355 0.191378 0.265729
v 0.150073 0.243961 0.266903
v 0.034799 0.102601 0.285918
v 0.069936 0.152809 0.285899
v 0.104861 0.203200 0.285654
v 0.139015 0.254216 0.284606
v 0.032019 0.118131 0.310241
v 0.064264 0.166779 0.307821
v 0.096367 0.215548 0.305250
v 0.127957 0.264735 0.302144
v 0.029240 0.136716 0.332198
v 0.058592 0.183040 0.327969
v 0.087874 0.229424 0.323664
v 0.116898 0.276018 0.319092
v 0.165022 0.794767 0.361409
v 0.170317 0.789925 0.359506
v 0.175611 0.785083 0.357604
v 0.180906 0.780242 0.355702
v 0.214724 0.754976 0.350090
v 0.207593 0.760082 0.351017
v 0.200462 0.765188 0.351945
v 0.193331 0.770294 0.352872
v 0.099037 0.745546 0.412014
v 0.120828 0.753009 0.397460
v 0.142619 0.760473 0.382907
v 0.164409 0.767936 0.368353
v 0.045555 0.751725 0.416051
v 0.059116 0.751252 0.417461
v 0.072757 0.750476 0.418191
v 0.086357 0.748729 0.416736
v 0.074971 0.764044 0.402589
v 0.086578 0.762090 0.403121
v 0.098245 0.759907 0.403144
v 0.109882 0.756997 0.401527
v 0.104401 0.776323 0.389120
v 0.114051 0.772897 0.388777
v 0.123741 0.769319 0.388093
v 0.133410 0.765255 0.386317
v 0.134287 0.787259 0.375454
v 0.141865 0.782697 0.374283
v 0.149463 0.778058 0.372943
v 0.157051 0.773177 0.371057
v 0.262453 0.738319 0.322751
v 0.241426 0.759337 0.331109
v 0.219099 0.778729 0.339987
v 0.193347 0.792123 0.350217
v 0.251259 0.744009 0.329657
v 0.233522 0.760667 0.336140
v 0.214809 0.776106 0.343012
v 0.193528 0.787047 0.350899
v 0.239930 0.749481 0.336566
v 0.225516 0.761834 0.341173
v 0.210451 0.773375 0.346039
v 0.193674 0.781917 0.351581
v 0.227904 0.753701 0.343456
v 0.216987 0.762063 0.346191
v 0.205745 0.770018 0.349056
v 0.193647 0.776474 0.352259
v 0.141655 0.728025 0.380642
v 0.159460 0.736806 0.373730
v 0.177407 0.745222 0.366662
v 0.195864 0.751950 0.358939
v 0.131478 0.732617 0.388981
v 0.150160 0.741016 0.380034
v 0.168948 0.749141 0.370971
v 0.188119 0.755999 0.361416
v 0.121267 0.737196 0.397290
v 0.140835 0.745216 0.386316
v 0.160473 0.753053 0.375265
v 0.180367 0.760046 0.363886
v 0.110621 0.741598 0.405183
v 0.131183 0.749283 0.392287
v 0.151780 0.756877 0.379352
v 0.172505 0.764048 0.366253
v 0.162785 0.679782 0.371209
v 0.176560 0.657519 0.374264
v 0.190306 0.635175 0.376834
v 0.203925 0.612624 0.377699
v 0.217217 0.589962 0.375698
v 0.229982 0.567519 0.370518
v 0.242298 0.545418 0.363265
v 0.254354 0.523557 0.354962
v 0.266358 0.501747 0.346457
v 0.176204 0.668123 0.361956
v 0.190341 0.648540 0.364609
v 0.204429 0.628869 0.366834
v 0.218334 0.608964 0.367548
v 0.231836 0.588894 0.365727
v 0.244758 0.568959 0.361096
v 0.257209 0.549295 0.354635
v 0.269391 0.529830 0.347247
v 0.281521 0.510408 0.339682
v 0.190092 0.657017 0.352570
v 0.204511 0.640065 0.354794
v 0.218863 0.623017 0.356644
v 0.232973 0.605710 0.357179
v 0.246606 0.588184 0.355509
v 0.259605 0.570710 0.351398
v 0.272110 0.553435 0.345700
v 0.284339 0.536317 0.339199
v 0.296515 0.519234 0.332543
v 0.205831 0.648587 0.342772
v 0.220204 0.634014 0.344438
v 0.234489 0.619338 0.345785
v 0.248476 0.604379 0.346012
v 0.261912 0.589144 0.344365
v 0.274659 0.573878 0.340647
v 0.286890 0.558741 0.335584
v 0.298836 0.543718 0.329841
v 0.310731 0.528722 0.323967
v 0.224116 0.647228 0.333076
v 0.237885 0.634301 0.333867
v 0.251546 0.621262 0.334396
v 0.264853 0.607915 0.333999
v 0.277533 0.594237 0.332059
v 0.289471 0.580445 0.328417
v 0.300870 0.566711 0.323673
v 0.311977 0.553049 0.318372
v 0.323031 0.539406 0.312964
v 0.242273 0.653976 0.324823
v 0.255052 0.641793 0.324257
v 0.267702 0.629492 0.323483
v 0.279941 0.616856 0.321979
v 0.291479 0.603835 0.319263
v 0.302221 0.590617 0.315213
v 0.312400 0.577386 0.310304
v 0.322280 0.564184 0.304963
v 0.332108 0.550993 0.299537
v 0.259116 0.664302 0.317690
v 0.270753 0.652426 0.315469
v 0.282242 0.640424 0.313096
v 0.293263 0.628062 0.310188
v 0.303508 0.615261 0.306397
v 0.312902 0.602180 0.301644
v 0.321712 0.589013 0.296273
v 0.330215 0.575834 0.290594
v 0.338665 0.562658 0.284854
v 0.275220 0.675884 0.311047
v 0.285647 0.664145 0.307048
v 0.295905 0.652270 0.302951
v 0.305638 0.640012 0.298515
v 0.314521 0.627258 0.293527
v 0.322500 0.614142 0.287945
v 0.329870 0.600869 0.281989
v 0.336927 0.587542 0.275847
v 0.343930 0.574210 0.269668
v 0.291228 0.687593 0.304453
v 0.300425 0.675968 0.298658
v 0.309434 0.664201 0.292820
v 0.317861 0.652024 0.286838
v 0.325362 0.639298 0.280634
v 0.331906 0.626125 0.274206
v 0.337818 0.612725 0.267647
v 0.343409 0.599228 0.261025
v 0.348947 0.585719 0.254390
v -0.135000 0.715400 0.378000
v -0.132300 0.331300 0.330000
v -0.359000 0.583800 0.232300
v -0.186200 0.775400 0.353800
v -0.263700 0.468500 0.345200
v -0.300000 0.710000 0.305000
v -0.095400 0.586900 0.420500
v -0.031914 0.752500 0.415318
v -0.063303 0.766226 0.402564
v -0.094712 0.779901 0.389803
v -0.126688 0.791898 0.376793
v -0.159728 0.799609 0.363311
v -0.193270 0.797371 0.349535
v -0.223596 0.781696 0.336961
v -0.249641 0.758523 0.326077
v -0.274061 0.733318 0.315842
v -0.015720 0.740626 0.429696
v -0.031339 0.741330 0.431937
v -0.047060 0.741655 0.433330
v -0.062728 0.740766 0.431991
v -0.077247 0.738082 0.426567
v -0.089988 0.734104 0.418159
v -0.101558 0.729557 0.408422
v -0.112584 0.724789 0.398167
v -0.123567 0.720005 0.387873
v -0.152192 0.723576 0.372640
v -0.169030 0.732704 0.367677
v -0.186045 0.741375 0.362521
v -0.203698 0.747936 0.356545
v -0.221854 0.749871 0.349162
v -0.239125 0.745717 0.340599
v -0.254952 0.737882 0.331716
v -0.269908 0.728483 0.322810
v -0.284695 0.718810 0.313907
v -0.149048 0.702158 0.368889
v -0.162128 0.687827 0.359953
v -0.175756 0.674096 0.350915
v -0.191563 0.663293 0.341591
v -0.210475 0.660296 0.332686
v -0.229646 0.666306 0.325707
v -0.247652 0.676331 0.320145
v -0.264990 0.687785 0.315197
v -0.282251 0.699385 0.310317
v -0.307752 0.698431 0.297499
v -0.315744 0.687037 0.289983
v -0.323530 0.675493 0.282480
v -0.330677 0.663514 0.275027
v -0.336823 0.650930 0.267684
v -0.341958 0.637817 0.260486
v -0.346438 0.624405 0.253398
v -0.350590 0.610856 0.246372
v -0.354689 0.597284 0.239356
v -0.148542 0.690438 0.380694
v -0.162099 0.665583 0.384206
v -0.175647 0.640655 0.387178
v -0.189125 0.615544 0.388250
v -0.202351 0.590378 0.386125
v -0.215103 0.565513 0.380452
v -0.227430 0.541062 0.372463
v -0.239504 0.516892 0.363301
v -0.251526 0.492783 0.353914
v -0.354692 0.572270 0.247786
v -0.351134 0.560913 0.263592
v -0.347310 0.549492 0.279287
v -0.342124 0.537786 0.294357
v -0.334268 0.525720 0.307873
v -0.322801 0.513658 0.318482
v -0.308862 0.502056 0.326347
v -0.293815 0.490864 0.332647
v -0.278520 0.479790 0.338555
v -0.327333 0.645210 0.218806
v -0.296264 0.707016 0.205735
v -0.264973 0.768677 0.192508
v -0.232612 0.829610 0.178520
v -0.198307 0.889122 0.163138
v -0.161304 0.946435 0.145796
v -0.122022 1.001668 0.126776
v -0.081405 1.055572 0.106760
v -0.040412 1.109086 0.086462
v -0.327327 0.524672 0.236363
v -0.296256 0.465262 0.240962
v -0.264956 0.405959 0.245358
v -0.232559 0.347184 0.248769
v -0.198191 0.289468 0.250361
v -0.161131 0.233431 0.249371
v -0.121848 0.179009 0.246146
v -0.081281 0.125630 0.241583
v -0.040358 0.072556 0.236642
v -0.027912 0.491224 0.442222
v -0.055939 0.487756 0.436855
v -0.083908 0.484335 0.431173
v -0.111615 0.481108 0.424248
v -0.138719 0.478240 0.415150
v -0.164812 0.475857 0.403351
v -0.189964 0.473858 0.389586
v -0.214537 0.472074 0.374779
v -0.238966 0.470342 0.359728
v -0.240092 0.459735 0.359645
v -0.217043 0.450458 0.374671
v -0.193551 0.441585 0.389238
v -0.168737 0.434052 0.402264
v -0.142175 0.428763 0.412647
v -0.114299 0.425841 0.420168
v -0.085858 0.424433 0.425821
v -0.057219 0.423765 0.430552
v -0.028551 0.423219 0.435131
v -0.032949 0.794277 0.389491
v -0.065484 0.800716 0.379233
v -0.097998 0.807070 0.368939
v -0.130891 0.811781 0.358322
v -0.164511 0.812427 0.347112
v -0.198315 0.803898 0.335442
v -0.229030 0.783134 0.324714
v -0.255785 0.755550 0.315432
v -0.281055 0.726122 0.306717
v -0.034008 0.836658 0.364698
v -0.067713 0.835762 0.356818
v -0.101357 0.834748 0.348876
v -0.135189 0.832125 0.340536
v -0.169416 0.825657 0.331481
v -0.203505 0.810791 0.321801
v -0.234633 0.784890 0.312803
v -0.262121 0.752846 0.305004
v -0.288266 0.719147 0.297694
v -0.035046 0.878862 0.339616
v -0.069900 0.870634 0.334148
v -0.104654 0.862254 0.328590
v -0.139405 0.852301 0.322560
v -0.174217 0.838723 0.315695
v -0.208571 0.817521 0.308038
v -0.240090 0.786487 0.300803
v -0.268292 0.749987 0.294523
v -0.295290 0.712020 0.288650
v -0.036021 0.920067 0.312903
v -0.071959 0.904571 0.310034
v -0.107759 0.888888 0.307048
v -0.143366 0.871666 0.303515
v -0.178698 0.851041 0.299026
v -0.213253 0.823567 0.293578
v -0.245101 0.787462 0.288293
v -0.273952 0.746567 0.283718
v -0.301739 0.704395 0.279470
v -0.036895 0.959073 0.282978
v -0.073819 0.936485 0.283078
v -0.110564 0.913676 0.283032
v -0.146926 0.889363 0.282365
v -0.182679 0.861868 0.280622
v -0.217335 0.828299 0.277752
v -0.249411 0.787300 0.274786
v -0.278811 0.742188 0.272285
v -0.307288 0.695988 0.270030
v -0.037668 0.994235 0.248404
v -0.075476 0.964923 0.252004
v -0.113065 0.935356 0.255432
v -0.150081 0.904321 0.258163
v -0.186154 0.870324 0.259698
v -0.220810 0.831028 0.259939
v -0.253013 0.785503 0.259826
v -0.282861 0.736544 0.259931
v -0.311926 0.686684 0.260203
v -0.038376 1.025228 0.209762
v -0.077002 0.989622 0.217327
v -0.115371 0.953729 0.224693
v -0.152975 0.916401 0.231287
v -0.189303 0.876332 0.236564
v -0.223893 0.831738 0.240381
v -0.256157 0.782119 0.243584
v -0.286388 0.729741 0.246760
v -0.315976 0.676651 0.250022
v -0.039051 1.053391 0.168818
v -0.078463 1.011791 0.180611
v -0.117577 0.969869 0.192177
v -0.155737 0.926548 0.202896
v -0.192287 0.880706 0.212178
v -0.226778 0.831114 0.219834
v -0.259071 0.777698 0.226615
v -0.289651 0.722201 0.233125
v -0.319730 0.666181 0.239640
v -0.039721 1.080649 0.127205
v -0.079913 1.033153 0.143301
v -0.119768 0.985301 0.159142
v -0.158478 0.936084 0.174063
v -0.195244 0.884567 0.187425
v -0.229631 0.830076 0.198994
v -0.261947 0.772962 0.209430
v -0.292872 0.714443 0.219349
v -0.323436 0.655591 0.229192
v -0.019080 0.648259 0.474396
v -0.038160 0.632919 0.460922
v -0.057240 0.617579 0.447448
v -0.076320 0.602240 0.433974
v -0.080877 0.707846 0.425354
v -0.084508 0.677609 0.424140
v -0.088139 0.647373 0.422927
v -0.091769 0.617136 0.421713
v -0.180960 0.589682 0.393000
v -0.159570 0.588987 0.399875
v -0.138180 0.588291 0.406750
v -0.116790 0.587596 0.413625
v -0.130055 0.499972 0.416220
v -0.121392 0.521704 0.417290
v -0.112728 0.543436 0.418360
v -0.104064 0.565168 0.419430
v -0.019080 0.543147 0.483185
v -0.038160 0.554085 0.467514
v -0.057240 0.565024 0.451843
v -0.076320 0.575962 0.436171
v -0.003816 0.581440 0.463632
v -0.007632 0.572829 0.469524
v -0.011448 0.564157 0.475377
v -0.015264 0.554793 0.480729
v -0.007632 0.597579 0.467873
v -0.015264 0.587427 0.468536
v -0.022896 0.577229 0.469170
v -0.030528 0.566513 0.469428
v -0.011448 0.613790 0.471975
v -0.022896 0.602079 0.467444
v -0.034344 0.590338 0.462893
v -0.045792 0.578251 0.458092
v -0.015264 0.630565 0.474847
v -0.030528 0.617155 0.465429
v -0.045792 0.603729 0.456001
v -0.061056 0.590131 0.446448
v -0.016392 0.722932 0.440114
v -0.017064 0.705996 0.451286
v -0.017736 0.688660 0.462073
v -0.018408 0.669678 0.470907
v -0.032704 0.720233 0.438843
v -0.034068 0.699704 0.446314
v -0.035432 0.678875 0.453496
v -0.036796 0.656810 0.459214
v -0.049096 0.717230 0.436893
v -0.051132 0.693183 0.440832
v -0.053168 0.668937 0.444579
v -0.055204 0.643867 0.447350
v -0.065447 0.713256 0.432757
v -0.068165 0.685935 0.433711
v -0.070883 0.658514 0.434570
v -0.073602 0.630681 0.434940
v -0.135103 0.693975 0.389754
v -0.122024 0.697654 0.399150
v -0.108911 0.701321 0.408515
v -0.095363 0.704811 0.417466
v -0.146651 0.668029 0.392288
v -0.131474 0.670583 0.400623
v -0.116271 0.673127 0.408936
v -0.100741 0.675539 0.416937
v -0.158193 0.642026 0.394392
v -0.140918 0.643468 0.401774
v -0.123626 0.644905 0.409140
v -0.106117 0.646253 0.416299
v -0.169678 0.615876 0.394975
v -0.150320 0.616244 0.401784
v -0.130954 0.616609 0.408585
v -0.111479 0.616930 0.415282
v -0.227442 0.494136 0.366806
v -0.216039 0.517791 0.374422
v -0.204595 0.541494 0.381858
v -0.192948 0.565423 0.388355
v -0.203601 0.495401 0.380116
v -0.192757 0.518624 0.385856
v -0.181881 0.541883 0.391462
v -0.170853 0.565310 0.396363
v -0.179645 0.496708 0.393231
v -0.169388 0.519488 0.397144
v -0.159110 0.542292 0.400968
v -0.148730 0.565209 0.404322
v -0.155227 0.498186 0.405512
v -0.145672 0.520481 0.407807
v -0.136107 0.542787 0.410057
v -0.126491 0.565150 0.412073
v -0.026146 0.501119 0.451073
v -0.052383 0.500654 0.443480
v -0.078574 0.500228 0.435636
v -0.104556 0.499956 0.426797
v -0.024379 0.510483 0.460242
v -0.048827 0.513155 0.450344
v -0.073241 0.515855 0.440258
v -0.097497 0.518672 0.429426
v -0.022613 0.519929 0.469365
v -0.045271 0.525717 0.457174
v -0.067907 0.531524 0.444857
v -0.090438 0.537408 0.432043
v -0.020846 0.530192 0.477963
v -0.041716 0.538891 0.463610
v -0.062574 0.547600 0.449194
v -0.083379 0.556348 0.434529
v -0.026460 0.331106 0.439199
v -0.052920 0.331155 0.411899
v -0.079380 0.331203 0.384600
v -0.105840 0.331252 0.357300
v -0.140200 0.409270 0.396117
v -0.138225 0.389778 0.379588
v -0.136250 0.370285 0.363059
v -0.134275 0.350793 0.346529
v -0.293875 0.486836 0.312298
v -0.253481 0.447952 0.316724
v -0.213087 0.409068 0.321149
v -0.172694 0.370184 0.325575
v -0.185012 0.297835 0.266289
v -0.171834 0.306201 0.282217
v -0.158656 0.314567 0.298144
v -0.145478 0.322934 0.314072
v -0.026460 0.159241 0.349685
v -0.052920 0.202255 0.344764
v -0.079380 0.245270 0.339842
v -0.105840 0.288285 0.334921
v -0.005292 0.254550 0.403153
v -0.010584 0.230292 0.391106
v -0.015876 0.206064 0.378939
v -0.021168 0.182168 0.365607
v -0.010584 0.271129 0.415096
v -0.021168 0.253587 0.398503
v -0.031752 0.236069 0.381820
v -0.042336 0.218799 0.364263
v -0.015876 0.288365 0.426603
v -0.031752 0.277376 0.405573
v -0.047628 0.266402 0.384483
v -0.063504 0.255594 0.362810
v -0.021168 0.308060 0.435920
v -0.042336 0.303009 0.411001
v -0.063504 0.297965 0.386051
v -0.084672 0.293004 0.360810
v -0.028133 0.404821 0.436254
v -0.027715 0.386675 0.438138
v -0.027297 0.368509 0.439963
v -0.026878 0.350046 0.440862
v -0.056359 0.405261 0.427054
v -0.055499 0.386947 0.424126
v -0.054640 0.368617 0.421154
v -0.053780 0.350065 0.417488
v -0.084563 0.405799 0.417732
v -0.083267 0.387292 0.410023
v -0.081971 0.368774 0.402284
v -0.080676 0.350108 0.394082
v -0.112607 0.406929 0.407671
v -0.110915 0.388080 0.395366
v -0.109224 0.369227 0.383045
v -0.107532 0.350299 0.370493
v -0.251413 0.465032 0.350831
v -0.224755 0.449865 0.363573
v -0.197741 0.435020 0.375949
v -0.169670 0.421248 0.387090
v -0.263115 0.470156 0.342608
v -0.232751 0.449141 0.352918
v -0.202121 0.428369 0.362954
v -0.170697 0.408400 0.372064
v -0.274618 0.475374 0.334071
v -0.240599 0.448488 0.342028
v -0.206401 0.421764 0.349802
v -0.171675 0.395576 0.356959
v -0.285235 0.480921 0.324282
v -0.247781 0.448082 0.330199
v -0.210239 0.415324 0.336024
v -0.172432 0.382834 0.341541
v -0.321147 0.517174 0.251847
v -0.315568 0.509813 0.267587
v -0.309775 0.502402 0.283239
v -0.302892 0.494763 0.298390
v -0.288084 0.461852 0.256337
v -0.280362 0.458545 0.271904
v -0.272481 0.455200 0.287405
v -0.263782 0.451684 0.302531
v -0.254837 0.406615 0.260665
v -0.245019 0.407340 0.276099
v -0.235094 0.408040 0.291490
v -0.224625 0.408626 0.306630
v -0.220714 0.351801 0.264204
v -0.209018 0.356453 0.279704
v -0.197270 0.361092 0.295181
v -0.185249 0.365674 0.310533
v -0.037578 0.088126 0.260938
v -0.075609 0.139631 0.263484
v -0.113355 0.191378 0.265729
v -0.150073 0.243961 0.266903
v -0.034799 0.102601 0.285918
v -0.069936 0.152809 0.285899
v -0.104861 0.203200 0.285654
v -0.139015 0.254216 0.284606
v -0.032019 0.118131 0.310241
v -0.064264 0.166779 0.307821
v -0.096367 0.215548 0.305250
v -0.127957 0.264735 0.302144
v -0.029240 0.136716 0.332198
v -0.058592 0.183040 0.327969
v -0.087874 0.229424 0.323664
v -0.116898 0.276018 0.319092
v -0.165022 0.794767 0.361409
v -0.170317 0.789925 0.359506
v -0.175611 0.785083 0.357604
v -0.180906 0.780242 0.355702
v -0.214724 0.754976 0.350090
v -0.207593 0.760082 0.351017
v -0.200462 0.765188 0.351945
v -0.193331 0.770294 0.352872
v -0.099037 0.745546 0.412014
v -0.120828 0.753009 0.397460
v -0.142619 0.760473 0.382907
v -0.164409 0.767936 0.368353
v -0.045555 0.751725 0.416051
v -0.059116 0.751252 0.417461
v -0.072757 0.750476 0.418191
v -0.086357 0.748729 0.416736
v -0.074971 0.764044 0.402589
v -0.086578 0.762090 0.403121
v -0.098245 0.759907 0.403144
v -0.109882 0.756997 0.401527
v -0.104401 0.776323 0.389120
v -0.114051 0.772897 0.388777
v -0.123741 0.769319 0.388093
v -0.133410 0.765255 0.386317
v -0.134287 0.787259 0.375454
v -0.141865 0.782697 0.374283
v -0.149463 0.778058 0.372943
v -0.157051 0.773177 0.371057
v -0.262453 0.738319 0.322751
v -0.241426 0.759337 0.331109
v -0.219099 0.778729 0.339987
v -0.193347 0.792123 0.350217
v -0.251259 0.744009 0.329657
v -0.233522 0.760667 0.336140
v -0.214809 0.776106 0.343012
v -0.193528 0.787047 0.350899
v -0.239930 0.749481 0.336566
v -0.225516 0.761834 0.341173
v -0.210451 0.773375 0.346039
v -0.193674 0.781917 0.351581
v -0.227904 0.753701 0.343456
v -0.216987 0.762063 0.346191
v -0.205745 0.770018 0.349056
v -0.193647 0.776474 0.352259
v -0.141655 0.728025 0.380642
v -0.159460 0.736806 0.373730
v -0.177407 0.745222 0.366662
v -0.195864 0.751950 0.358939
v -0.131478 0.732617 0.388981
v -0.150160 0.741016 0.380034
v -0.168948 0.749141 0.370971
v -0.188119 0.755999 0.361416
v -0.121267 0.737196 0.397290
v -0.140835 0.745216 0.386316
v -0.160473 0.753053 0.375265
v -0.180367 0.760046 0.363886
v -0.110621 0.741598 0.405183
v -0.131183 0.749283 0.392287
v -0.151780 0.756877 0.379352
v -0.172505 0.764048 0.366253
v -0.162785 0.679782 0.371209
v -0.176560 0.657519 0.374264
v -0.190306 0.635175 0.376834
v -0.203925 0.612624 0.377699
v -0.217217 0.589962 0.375698
v -0.229982 0.567519 0.370518
v -0.242298 0.545418 0.363265
v -0.254354 0.523557 0.354962
v -0.266358 0.501747 0.346457
v -0.176204 0.668123 0.361956
v -0.190341 0.648540 0.364609
v -0.204429 0.628869 0.366834
v -0.218334 0.608964 0.367548
v -0.231836 0.588894 0.365727
v -0.244758 0.568959 0.361096
v -0.257209 0.549295 0.354635
v -0.269391 0.529830 0.347247
v -0.281521 0.510408 0.339682
v -0.190092 0.657017 0.352570
v -0.204511 0.640065 0.354794
v -0.218863 0.623017 0.356644
v -0.232973 0.605710 0.357179
v -0.246606 0.588184 0.355509
v -0.259605 0.570710 0.351398
v -0.272110 0.553435 0.345700
v -0.284339 0.536317 0.339199
v -0.296515 0.519234 0.332543
v -0.205831 0.648587 0.342772
v -0.220204 0.634014 0.344438
v -0.234489 0.619338 0.345785
v -0.248476 0.604379 0.346012
v -0.261912 0.589144 0.344365
v -0.274659 0.573878 0.340647
v -0.286890 0.558741 0.335584
v -0.298836 0.543718 0.329841
v -0.310731 0.528722 0.323967
v -0.224116 0.647228 0.333076
v -0.237885 0.634301 0.333867
v -0.251546 0.621262 0.334396
v -0.264853 0.607915 0.333999
v -0.277533 0.594237 0.332059
v -0.289471 0.580445 0.328417
v -0.300870 0.566711 0.323673
v -0.311977 0.553049 0.318372
v -0.323031 0.539406 0.312964
v -0.242273 0.653976 0.324823
v -0.255052 0.641793 0.324257
v -0.267702 0.629492 0.323483
v -0.279941 0.616856 0.321979
v -0.291479 0.603835 0.319263
v -0.302221 0.590617 0.315213
v -0.312400 0.577386 0.310304
v -0.322280 0.564184 0.304963
v -0.332108 0.550993 0.299537
v -0.259116 0.664302 0.317690
v -0.270753 0.652426 0.315469
v -0.282242 0.640424 0.313096
v -0.293263 0.628062 0.310188
v -0.303508 0.615261 0.306397
v -0.312902 0.602180 0.301644
v -0.321712 0.589013 0.296273
v -0.330215 0.575834 0.290594
v -0.338665 0.562658 0.284854
v -0.275220 0.675884 0.311047
v -0.285647 0.664145 0.307048
v -0.295905 0.652270 0.302951
v -0.305638 0.640012 0.298515
v -0.314521 0.627258 0.293527
v -0.322500 0.614142 0.287945
v -0.329870 0.600869 0.281989
v -0.336927 0.587542 0.275847
v -0.343930 0.574210 0.269668
v -0.291228 0.687593 0.304453
v -0.300425 0.675968 0.298658
v -0.309434 0.664201 0.292820
v -0.317861 0.652024 0.286838
v -0.325362 0.639298 0.280634
v -0.331906 0.626125 0.274206
v -0.337818 0.612725 0.267647
v -0.343409 0.599228 0.261025
v -0.348947 0.585719 0.254390
f 5 23 159 60
f 60 159 160 61
f 61 160 161 62
f 62 161 162 63
f 63 162 163 64
f 64 163 164 65
f 65 164 165 66
f 66 165 166 67
f 67 166 167 68
f 68 167 96 10
f 23 22 168 159
f 159 168 169 160
f 160 169 170 161
f 161 170 171 162
f 162 171 172 163
f 163 172 173 164
f 164 173 174 165
f 165 174 175 166
f 166 175 176 167
f 167 176 97 96
f 22 21 177 168
f 168 177 178 169
f 169 178 179 170
f 170 179 180 171
f 171 180 181 172
f 172 181 182 173
f 173 182 183 174
f 174 183 184 175
f 175 184 185 176
f 176 185 98 97
f 21 20 186 177
f 177 186 187 178
f 178 187 188 179
f 179 188 189 180
f 180 189 190 181
f 181 190 191 182
f 182 191 192 183
f 183 192 193 184
f 184 193 194 185
f 185 194 99 98
f 20 19 195 186
f 186 195 196 187
f 187 196 197 188
f 188 197 198 189
f 189 198 199 190
f 190 199 200 191
f 191 200 201 192
f 192 201 202 193
f 193 202 203 194
f 194 203 100 99
f 19 18 204 195
f 195 204 205 196
f 196 205 206 197
f 197 206 207 198
f 198 207 208 199
f 199 208 209 200
f 200 209 210 201
f 201 210 211 202
f 202 211 212 203
f 203 212 101 100
f 18 17 213 204
f 204 213 214 205
f 205 214 215 206
f 206 215 216 207
f 207 216 217 208
f 208 217 218 209
f 209 218 219 210
f 210 219 220 211
f 211 220 221 212
f 212 221 102 101
f 17 16 222 213
f 213 222 223 214
f 214 223 224 215
f 215 224 225 216
f 216 225 226 217
f 217 226 227 218
f 218 227 228 219
f 219 228 229 220
f 220 229 230 221
f 221 230 103 102
f 16 15 231 222
f 222 231 232 223
f 223 232 233 224
f 224 233 234 225
f 225 234 235 226
f 226 235 236 227
f 227 236 237 228
f 228 237 238 229
f 229 238 239 230
f 230 239 104 103
f 15 6 131 231
f 231 131 130 232
f 232 130 129 233
f 233 129 128 234
f 234 128 127 235
f 235 127 126 236
f 236 126 125 237
f 237 125 124 238
f 238 124 123 239
f 239 123 4 104
f 8 32 260 33
f 33 260 261 34
f 34 261 262 35
f 35 262 263 36
f 36 263 256 37
f 32 31 264 260
f 260 264 265 261
f 261 265 266 262
f 262 266 267 263
f 263 267 257 256
f 31 30 268 264
f 264 268 269 265
f 265 269 270 266
f 266 270 271 267
f 267 271 258 257
f 30 29 272 268
f 268 272 273 269
f 269 273 274 270
f 270 274 275 271
f 271 275 259 258
f 29 28 240 272
f 272 240 241 273
f 273 241 242 274
f 274 242 243 275
f 275 243 12 259
f 5 69 276 24
f 24 276 277 25
f 25 277 278 26
f 26 278 279 27
f 27 279 240 28
f 69 70 280 276
f 276 280 281 277
f 277 281 282 278
f 278 282 283 279
f 279 283 241 240
f 70 71 284 280
f 280 284 285 281
f 281 285 286 282
f 282 286 287 283
f 283 287 242 241
f 71 72 288 284
f 284 288 289 285
f 285 289 290 286
f 286 290 291 287
f 287 291 243 242
f 72 73 244 288
f 288 244 245 289
f 289 245 246 290
f 290 246 247 291
f 291 247 12 243
f 1 105 292 77
f 77 292 293 76
f 76 293 294 75
f 75 294 295 74
f 74 295 244 73
f 105 106 296 292
f 292 296 297 293
f 293 297 298 294
f 294 298 299 295
f 295 299 245 244
f 106 107 300 296
f 296 300 301 297
f 297 301 302 298
f 298 302 303 299
f 299 303 246 245
f 107 108 304 300
f 300 304 305 301
f 301 305 306 302
f 302 306 307 303
f 303 307 247 246
f 108 109 248 304
f 304 248 249 305
f 305 249 250 306
f 306 250 251 307
f 307 251 12 247
f 9 149 308 113
f 113 308 309 112
f 112 309 310 111
f 111 310 311 110
f 110 311 248 109
f 149 148 312 308
f 308 312 313 309
f 309 313 314 310
f 310 314 315 311
f 311 315 249 248
f 148 147 316 312
f 312 316 317 313
f 313 317 318 314
f 314 318 319 315
f 315 319 250 249
f 147 146 320 316
f 316 320 321 317
f 317 321 322 318
f 318 322 323 319
f 319 323 251 250
f 146 145 252 320
f 320 252 253 321
f 321 253 254 322
f 322 254 255 323
f 323 255 12 251
f 14 41 324 141
f 141 324 325 142
f 142 325 326 143
f 143 326 327 144
f 144 327 252 145
f 41 40 328 324
f 324 328 329 325
f 325 329 330 326
f 326 330 331 327
f 327 331 253 252
f 40 39 332 328
f 328 332 333 329
f 329 333 334 330
f 330 334 335 331
f 331 335 254 253
f 39 38 336 332
f 332 336 337 333
f 333 337 338 334
f 334 338 339 335
f 335 339 255 254
f 38 37 256 336
f 336 256 257 337
f 337 257 258 338
f 338 258 259 339
f 339 259 12 255
f 11 50 360 51
f 51 360 361 52
f 52 361 362 53
f 53 362 363 54
f 54 363 356 55
f 50 49 364 360
f 360 364 365 361
f 361 365 366 362
f 362 366 367 363
f 363 367 357 356
f 49 48 368 364
f 364 368 369 365
f 365 369 370 366
f 366 370 371 367
f 367 371 358 357
f 48 47 372 368
f 368 372 373 369
f 369 373 374 370
f 370 374 375 371
f 371 375 359 358
f 47 46 340 372
f 372 340 341 373
f 373 341 342 374
f 374 342 343 375
f 375 343 2 359
f 3 158 376 42
f 42 376 377 43
f 43 377 378 44
f 44 378 379 45
f 45 379 340 46
f 158 157 380 376
f 376 380 381 377
f 377 381 382 378
f 378 382 383 379
f 379 383 341 340
f 157 156 384 380
f 380 384 385 381
f 381 385 386 382
f 382 386 387 383
f 383 387 342 341
f 156 155 388 384
f 384 388 389 385
f 385 389 390 386
f 386 390 391 387
f 387 391 343 342
f 155 154 344 388
f 388 344 345 389
f 389 345 346 390
f 390 346 347 391
f 391 347 2 343
f 9 122 392 150
f 150 392 393 151
f 151 393 394 152
f 152 394 395 153
f 153 395 344 154
f 122 121 396 392
f 392 396 397 393
f 393 397 398 394
f 394 398 399 395
f 395 399 345 344
f 121 120 400 396
f 396 400 401 397
f 397 401 402 398
f 398 402 403 399
f 399 403 346 345
f 120 119 404 400
f 400 404 405 401
f 401 405 406 402
f 402 406 407 403
f 403 407 347 346
f 119 118 348 404
f 404 348 349 405
f 405 349 350 406
f 406 350 351 407
f 407 351 2 347
f 4 132 408 114
f 114 408 409 115
f 115 409 410 116
f 116 410 411 117
f 117 411 348 118
f 132 133 412 408
f 408 412 413 409
f 409 413 414 410
f 410 414 415 411
f 411 415 349 348
f 133 134 416 412
f 412 416 417 413
f 413 417 418 414
f 414 418 419 415
f 415 419 350 349
f 134 135 420 416
f 416 420 421 417
f 417 421 422 418
f 418 422 423 419
f 419 423 351 350
f 135 136 352 420
f 420 352 353 421
f 421 353 354 422
f 422 354 355 423
f 423 355 2 351
f 13 59 424 140
f 140 424 425 139
f 139 425 426 138
f 138 426 427 137
f 137 427 352 136
f 59 58 428 424
f 424 428 429 425
f 425 429 430 426
f 426 430 431 427
f 427 431 353 352
f 58 57 432 428
f 428 432 433 429
f 429 433 434 430
f 430 434 435 431
f 431 435 354 353
f 57 56 436 432
f 432 436 437 433
f 433 437 438 434
f 434 438 439 435
f 435 439 355 354
f 56 55 356 436
f 436 356 357 437
f 437 357 358 438
f 438 358 359 439
f 439 359 2 355
f 5 60 452 69
f 69 452 453 70
f 70 453 454 71
f 71 454 455 72
f 72 455 448 73
f 60 61 456 452
f 452 456 457 453
f 453 457 458 454
f 454 458 459 455
f 455 459 449 448
f 61 62 460 456
f 456 460 461 457
f 457 461 462 458
f 458 462 463 459
f 459 463 450 449
f 62 63 464 460
f 460 464 465 461
f 461 465 466 462
f 462 466 467 463
f 463 467 451 450
f 63 64 440 464
f 464 440 441 465
f 465 441 442 466
f 466 442 443 467
f 467 443 7 451
f 10 86 468 68
f 68 468 469 67
f 67 469 470 66
f 66 470 471 65
f 65 471 440 64
f 86 85 472 468
f 468 472 473 469
f 469 473 474 470
f 470 474 475 471
f 471 475 441 440
f 85 84 476 472
f 472 476 477 473
f 473 477 478 474
f 474 478 479 475
f 475 479 442 441
f 84 83 480 476
f 476 480 481 477
f 477 481 482 478
f 478 482 483 479
f 479 483 443 442
f 83 82 444 480
f 480 444 445 481
f 481 445 446 482
f 482 446 447 483
f 483 447 7 443
f 1 77 484 78
f 78 484 485 79
f 79 485 486 80
f 80 486 487 81
f 81 487 444 82
f 77 76 488 484
f 484 488 489 485
f 485 489 490 486
f 486 490 491 487
f 487 491 445 444
f 76 75 492 488
f 488 492 493 489
f 489 493 494 490
f 490 494 495 491
f 491 495 446 445
f 75 74 496 492
f 492 496 497 493
f 493 497 498 494
f 494 498 499 495
f 495 499 447 446
f 74 73 448 496
f 496 448 449 497
f 497 449 450 498
f 498 450 451 499
f 499 451 7 447
f 1 87 500 105
f 105 500 501 106
f 106 501 502 107
f 107 502 503 108
f 108 503 504 109
f 109 504 505 110
f 110 505 506 111
f 111 506 507 112
f 112 507 508 113
f 113 508 122 9
f 87 88 509 500
f 500 509 510 501
f 501 510 511 502
f 502 511 512 503
f 503 512 513 504
f 504 513 514 505
f 505 514 515 506
f 506 515 516 507
f 507 516 517 508
f 508 517 121 122
f 88 89 518 509
f 509 518 519 510
f 510 519 520 511
f 511 520 521 512
f 512 521 522 513
f 513 522 523 514
f 514 523 524 515
f 515 524 525 516
f 516 525 526 517
f 517 526 120 121
f 89 90 527 518
f 518 527 528 519
f 519 528 529 520
f 520 529 530 521
f 521 530 531 522
f 522 531 532 523
f 523 532 533 524
f 524 533 534 525
f 525 534 535 526
f 526 535 119 120
f 90 91 536 527
f 527 536 537 528
f 528 537 538 529
f 529 538 539 530
f 530 539 540 531
f 531 540 541 532
f 532 541 542 533
f 533 542 543 534
f 534 543 544 535
f 535 544 118 119
f 91 92 545 536
f 536 545 546 537
f 537 546 547 538
f 538 547 548 539
f 539 548 549 540
f 540 549 550 541
f 541 550 551 542
f 542 551 552 543
f 543 552 553 544
f 544 553 117 118
f 92 93 554 545
f 545 554 555 546
f 546 555 556 547
f 547 556 557 548
f 548 557 558 549
f 549 558 559 550
f 550 559 560 551
f 551 560 561 552
f 552 561 562 553
f 553 562 116 117
f 93 94 563 554
f 554 563 564 555
f 555 564 565 556
f 556 565 566 557
f 557 566 567 558
f 558 567 568 559
f 559 568 569 560
f 560 569 570 561
f 561 570 571 562
f 562 571 115 116
f 94 95 572 563
f 563 572 573 564
f 564 573 574 565
f 565 574 575 566
f 566 575 576 567
f 567 576 577 568
f 568 577 578 569
f 569 578 579 570
f 570 579 580 571
f 571 580 114 115
f 95 10 96 572
f 572 96 97 573
f 573 97 98 574
f 574 98 99 575
f 575 99 100 576
f 576 100 101 577
f 577 101 102 578
f 578 102 103 579
f 579 103 104 580
f 580 104 4 114
f 589 688 687 588
f 590 689 688 589
f 591 690 689 590
f 592 691 690 591
f 593 692 691 592
f 594 693 692 593
f 595 694 693 594
f 596 695 694 595
f 586 624 695 596
f 688 697 696 687
f 689 698 697 688
f 690 699 698 689
f 691 700 699 690
f 692 701 700 691
f 693 702 701 692
f 694 703 702 693
f 695 704 703 694
f 624 625 704 695
f 697 706 705 696
f 698 707 706 697
f 699 708 707 698
f 700 709 708 699
f 701 710 709 700
f 702 711 710 701
f 703 712 711 702
f 704 713 712 703
f 625 626 713 704
f 706 715 714 705
f 707 716 715 706
f 708 717 716 707
f 709 718 717 708
f 710 719 718 709
f 711 720 719 710
f 712 721 720 711
f 713 722 721 712
f 626 627 722 713
f 715 724 723 714
f 716 725 724 715
f 717 726 725 716
f 718 727 726 717
f 719 728 727 718
f 720 729 728 719
f 721 730 729 720
f 722 731 730 721
f 627 628 731 722
f 724 733 732 723
f 725 734 733 724
f 726 735 734 725
f 727 736 735 726
f 728 737 736 727
f 729 738 737 728
f 730 739 738 729
f 731 740 739 730
f 628 629 740 731
f 733 742 741 732
f 734 743 742 733
f 735 744 743 734
f 736 745 744 735
f 737 746 745 736
f 738 747 746 737
f 739 748 747 738
f 740 749 748 739
f 629 630 749 740
f 742 751 750 741
f 743 752 751 742
f 744 753 752 743
f 745 754 753 744
f 746 755 754 745
f 747 756 755 746
f 748 757 756 747
f 749 758 757 748
f 630 631 758 749
f 751 760 759 750
f 752 761 760 751
f 753 762 761 752
f 754 763 762 753
f 755 764 763 754
f 756 765 764 755
f 757 766 765 756
f 758 767 766 757
f 631 632 767 758
f 760 658 659 759
f 761 657 658 760
f 762 656 657 761
f 763 655 656 762
f 764 654 655 763
f 765 653 654 764
f 766 652 653 765
f 767 651 652 766
f 632 583 651 767
f 789 793 792 788
f 790 794 793 789
f 791 795 794 790
f 784 785 795 791
f 793 797 796 792
f 794 798 797 793
f 795 799 798 794
f 785 786 799 795
f 797 801 800 796
f 798 802 801 797
f 799 803 802 798
f 786 787 803 799
f 801 769 768 800
f 802 770 769 801
f 803 771 770 802
f 787 587 771 803
f 804 808 598 597
f 805 809 808 804
f 806 810 809 805
f 807 811 810 806
f 768 769 811 807
f 808 812 599 598
f 809 813 812 808
f 810 814 813 809
f 811 815 814 810
f 769 770 815 811
f 812 816 600 599
f 813 817 816 812
f 814 818 817 813
f 815 819 818 814
f 770 771 819 815
f 816 772 601 600
f 817 773 772 816
f 818 774 773 817
f 819 775 774 818
f 771 587 775 819
f 605 820 633 581
f 604 821 820 605
f 603 822 821 604
f 602 823 822 603
f 601 772 823 602
f 820 824 634 633
f 821 825 824 820
f 822 826 825 821
f 823 827 826 822
f 772 773 827 823
f 824 828 635 634
f 825 829 828 824
f 826 830 829 825
f 827 831 830 826
f 773 774 831 827
f 828 832 636 635
f 829 833 832 828
f 830 834 833 829
f 831 835 834 830
f 774 775 835 831
f 832 776 637 636
f 833 777 776 832
f 834 778 777 833
f 835 779 778 834
f 775 587 779 835
f 641 836 677 585
f 640 837 836 641
f 639 838 837 640
f 638 839 838 639
f 637 776 839 638
f 836 840 676 677
f 837 841 840 836
f 838 842 841 837
f 839 843 842 838
f 776 777 843 839
f 840 844 675 676
f 841 845 844 840
f 842 846 845 841
f 843 847 846 842
f 777 778 847 843
f 844 848 674 675
f 845 849 848 844
f 846 850 849 845
f 847 851 850 846
f 778 779 851 847
f 848 780 673 674
f 849 781 780 848
f 850 782 781 849
f 851 783 782 850
f 779 587 783 851
f 670 853 852 669
f 671 854 853 670
f 672 855 854 671
f 673 780 855 672
f 853 857 856 852
f 854 858 857 853
f 855 859 858 854
f 780 781 859 855
f 857 861 860 856
f 858 862 861 857
f 859 863 862 858
f 781 782 863 859
f 861 865 864 860
f 862 866 865 861
f 863 867 866 862
f 782 783 867 863
f 865 785 784 864
f 866 786 785 865
f 867 787 786 866
f 783 587 787 867
f 889 893 892 888
f 890 894 893 889
f 891 895 894 890
f 884 885 895 891
f 893 897 896 892
f 894 898 897 893
f 895 899 898 894
f 885 886 899 895
f 897 901 900 896
f 898 902 901 897
f 899 903 902 898
f 886 887 903 899
f 901 869 868 900
f 902 870 869 901
f 903 871 870 902
f 887 582 871 903
f 904 908 685 686
f 905 909 908 904
f 906 910 909 905
f 907 911 910 906
f 868 869 911 907
f 908 912 684 685
f 909 913 912 908
f 910 914 913 909
f 911 915 914 910
f 869 870 915 911
f 912 916 683 684
f 913 917 916 912
f 914 918 917 913
f 915 919 918 914
f 870 871 919 915
f 916 872 682 683
f 917 873 872 916
f 918 874 873 917
f 919 875 874 918
f 871 582 875 919
f 678 920 650 585
f 679 921 920 678
f 680 922 921 679
f 681 923 922 680
f 682 872 923 681
f 920 924 649 650
f 921 925 924 920
f 922 926 925 921
f 923 927 926 922
f 872 873 927 923
f 924 928 648 649
f 925 929 928 924
f 926 930 929 925
f 927 931 930 926
f 873 874 931 927
f 928 932 647 648
f 929 933 932 928
f 930 934 933 929
f 931 935 934 930
f 874 875 935 931
f 932 876 646 647
f 933 877 876 932
f 934 878 877 933
f 935 879 878 934
f 875 582 879 935
f 642 936 660 583
f 643 937 936 642
f 644 938 937 643
f 645 939 938 644
f 646 876 939 645
f 936 940 661 660
f 937 941 940 936
f 938 942 941 937
f 939 943 942 938
f 876 877 943 939
f 940 944 662 661
f 941 945 944 940
f 942 946 945 941
f 943 947 946 942
f 877 878 947 943
f 944 948 663 662
f 945 949 948 944
f 946 950 949 945
f 947 951 950 946
f 878 879 951 947
f 948 880 664 663
f 949 881 880 948
f 950 882 881 949
f 951 883 882 950
f 879 582 883 951
f 667 953 952 668
f 666 954 953 667
f 665 955 954 666
f 664 880 955 665
f 953 957 956 952
f 954 958 957 953
f 955 959 958 954
f 880 881 959 955
f 957 961 960 956
f 958 962 961 957
f 959 963 962 958
f 881 882 963 959
f 961 965 964 960
f 962 966 965 961
f 963 967 966 962
f 882 883 967 963
f 965 885 884 964
f 966 886 885 965
f 967 887 886 966
f 883 582 887 967
f 598 981 980 597
f 599 982 981 598
f 600 983 982 599
f 601 976 983 600
f 980 984 589 588
f 981 985 984 980
f 982 986 985 981
f 983 987 986 982
f 976 977 987 983
f 984 988 590 589
f 985 989 988 984
f 986 990 989 985
f 987 991 990 986
f 977 978 991 987
f 988 992 591 590
f 989 993 992 988
f 990 994 993 989
f 991 995 994 990
f 978 979 995 991
f 992 968 592 591
f 993 969 968 992
f 994 970 969 993
f 995 971 970 994
f 979 584 971 995
f 596 996 614 586
f 595 997 996 596
f 594 998 997 595
f 593 999 998 594
f 592 968 999 593
f 996 1000 613 614
f 997 1001 1000 996
f 998 1002 1001 997
f 999 1003 1002 998
f 968 969 1003 999
f 1000 1004 612 613
f 1001 1005 1004 1000
f 1002 1006 1005 1001
f 1003 1007 1006 1002
f 969 970 1007 1003
f 1004 1008 611 612
f 1005 1009 1008 1004
f 1006 1010 1009 1005
f 1007 1011 1010 1006
f 970 971 1011 1007
f 1008 972 610 611
f 1009 973 972 1008
f 1010 974 973 1009
f 1011 975 974 1010
f 971 584 975 1011
f 606 1012 605 581
f 607 1013 1012 606
f 608 1014 1013 607
f 609 1015 1014 608
f 610 972 1015 609
f 1012 1016 604 605
f 1013 1017 1016 1012
f 1014 1018 1017 1013
f 1015 1019 1018 1014
f 972 973 1019 1015
f 1016 1020 603 604
f 1017 1021 1020 1016
f 1018 1022 1021 1017
f 1019 1023 1022 1018
f 973 974 1023 1019
f 1020 1024 602 603
f 1021 1025 1024 1020
f 1022 1026 1025 1021
f 1023 1027 1026 1022
f 974 975 1027 1023
f 1024 976 601 602
f 1025 977 976 1024
f 1026 978 977 1025
f 1027 979 978 1026
f 975 584 979 1027
f 633 1028 615 581
f 634 1029 1028 633
f 635 1030 1029 634
f 636 1031 1030 635
f 637 1032 1031 636
f 638 1033 1032 637
f 639 1034 1033 638
f 640 1035 1034 639
f 641 1036 1035 640
f 585 650 1036 641
f 1028 1037 616 615
f 1029 1038 1037 1028
f 1030 1039 1038 1029
f 1031 1040 1039 1030
f 1032 1041 1040 1031
f 1033 1042 1041 1032
f 1034 1043 1042 1033
f 1035 1044 1043 1034
f 1036 1045 1044 1035
f 650 649 1045 1036
f 1037 1046 617 616
f 1038 1047 1046 1037
f 1039 1048 1047 1038
f 1040 1049 1048 1039
f 1041 1050 1049 1040
f 1042 1051 1050 1041
f 1043 1052 1051 1042
f 1044 1053 1052 1043
f 1045 1054 1053 1044
f 649 648 1054 1045
f 1046 1055 618 617
f 1047 1056 1055 1046
f 1048 1057 1056 1047
f 1049 1058 1057 1048
f 1050 1059 1058 1049
f 1051 1060 1059 1050
f 1052 1061 1060 1051
f 1053 1062 1061 1052
f 1054 1063 1062 1053
f 648 647 1063 1054
f 1055 1064 619 618
f 1056 1065 1064 1055
f 1057 1066 1065 1056
f 1058 1067 1066 1057
f 1059 1068 1067 1058
f 1060 1069 1068 1059
f 1061 1070 1069 1060
f 1062 1071 1070 1061
f 1063 1072 1071 1062
f 647 646 1072 1063
f 1064 1073 620 619
f 1065 1074 1073 1064
f 1066 1075 1074 1065
f 1067 1076 1075 1066
f 1068 1077 1076 1067
f 1069 1078 1077 1068
f 1070 1079 1078 1069
f 1071 1080 1079 1070
f 1072 1081 1080 1071
f 646 645 1081 1072
f 1073 1082 621 620
f 1074 1083 1082 1073
f 1075 1084 1083 1074
f 1076 1085 1084 1075
f 1077 1086 1085 1076
f 1078 1087 1086 1077
f 1079 1088 1087 1078
f 1080 1089 1088 1079
f 1081 1090 1089 1080
f 645 644 1090 1081
f 1082 1091 622 621
f 1083 1092 1091 1082
f 1084 1093 1092 1083
f 1085 1094 1093 1084
f 1086 1095 1094 1085
f 1087 1096 1095 1086
f 1088 1097 1096 1087
f 1089 1098 1097 1088
f 1090 1099 1098 1089
f 644 643 1099 1090
f 1091 1100 623 622
f 1092 1101 1100 1091
f 1093 1102 1101 1092
f 1094 1103 1102 1093
f 1095 1104 1103 1094
f 1096 1105 1104 1095
f 1097 1106 1105 1096
f 1098 1107 1106 1097
f 1099 1108 1107 1098
f 643 642 1108 1099
f 1100 624 586 623
f 1101 625 624 1100
f 1102 626 625 1101
f 1103 627 626 1102
f 1104 628 627 1103
f 1105 629 628 1104
f 1106 630 629 1105
f 1107 631 630 1106
f 1108 632 631 1107
f 642 583 632 1108
f 668 952 59 13
f 952 956 58 59
f 956 960 57 58
f 960 964 56 57
f 964 884 55 56
f 55 884 891 54
f 54 891 890 53
f 53 890 889 52
f 52 889 888 51
f 51 888 50 11
f 888 892 49 50
f 892 896 48 49
f 896 900 47 48
f 900 868 46 47
f 46 868 907 45
f 45 907 906 44
f 44 906 905 43
f 43 905 904 42
f 42 904 686 3
f 669 852 41 14
f 852 856 40 41
f 856 860 39 40
f 860 864 38 39
f 864 784 37 38
f 37 784 791 36
f 36 791 790 35
f 35 790 789 34
f 34 789 788 33
f 33 788 32 8
f 788 792 31 32
f 792 796 30 31
f 796 800 29 30
f 800 768 28 29
f 28 768 807 27
f 27 807 806 26
f 26 806 805 25
f 25 805 804 24
f 597 980 588 5
f 24 804 597 5
f 588 687 23 5
f 687 696 22 23
f 696 705 21 22
f 705 714 20 21
f 714 723 19 20
f 723 732 18 19
f 732 741 17 18
f 741 750 16 17
f 750 759 15 16
f 759 659 6 15
